Sample	Haplogroup	DYF387S1	DYS19	DYS385	DYS389I	DYS389II	DYS390	DYS391	DYS392	DYS393	DYS437	DYS438	DYS439	DYS448	DYS449	DYS456	DYS458	DYS460	DYS481	DYS518	DYS533	DYS570	DYS576	DYS627	DYS635	GATA_H4
HT1206	O2a	39,39	16	13,19	13	30	24	11	13	14	14	10	12	18	27	14	17	10	23	41	10	16	18	20	23	11
HT1207	O2a	36,42	16	15,18	12	28	23	10	13	12	15	10	11	20	32	16	17	9	24	38	11	20	21	19	21	12
HT1208	O2a	37,38	15	16,17	15	31	25	11	13	14	14	10	13	18	30	15	17	10	23	41	10	16	18	21	25	11
HT1209	O2a	37,39	15	13,19	13	29	24	11	14	14	14	10	11	18	27	15	17	10	23	42	10	16	18	20	23	11
HT1210	O2a	38,39	16	13,20	13	30	24	11	13	15	14	10	12	18	26	14	17	10	23	42	10	16	18	22	22	11
HT1211	O2a	37,38	15	13,13	12	28	23	10	14	13	14	10	12	18	31	19	15	10	26	37	12	19	16	20	19	12
HT1212	O2a	35,37	14	13,17	12	28	24	10	14	12	15	11	11	20	33	15	20	9	24	35	11	16	21	18	20	12
HT1213	O2a	36,39	15	15,16	12	28	24	10	13	15	14	10	11	18	27	15	18	10	22	39	10	16	18	21	23	10
HT1214	O2a	35,37	14	13,17	12	28	24	10	14	12	15	11	11	20	33	15	20	9	24	35	11	16	20	18	20	12
HT1215	O2a	37,39	16	13,18	13	29	24	11	13	14	14	10	12	18	27	15	18	11	23	40	10	17	18	20	24	11
HT1216	O2a	38,39	16	13,18	13	29	24	10	13	13	14	10	11	18	28	15	18	10	23	43	10	17	18	20	24	10
HT1217	O2a	35,39	15	13,18	12	26	24	10	14	13	15	11	11	20	30	16	18	9	25	35	11	19	18	21	21	12
HT1218	O2a	36,37	15	15,21	13	28	24	11	14	15	14	9	12	18	28	15	15	10	24	42	10	17	19	22	21	11
HT1219	O2a	36,37	15	16,21	13	28	24	11	14	15	14	9	12	18	30	15	15	10	24	42	10	16	18	22	21	11
HT1220	O2a	37,40	15	13,13	12	29	24	9	14	13	14	10	11	18	31	17	15	10	25	38	11	19	18	22	19	11
HT1221	O2a	34,38	15	11,17	12	28	21	10	11	12	14	10	11	20	29	15	18	11	27	39	11	19	18	20	24	11
HT1222	O2a	36,36	15	14,18	14	31	24	10	13	14	14	11	11	18	27	15	16	10	23	39	10	16	19	24	20	10
HT1223	O2a	37,40	15	13,18	13	29	24	11	13	14	14	10	12	18	27	15	18	10	23	41	11	16	18	19	24	11
HT1224	O2a	37,40	17	13,22	12	28	24	10	13	12	16	10	10	20	33	15	19	9	23	37	11	21	18	23	23	12
HT1225	O1a	36,36	15	14,18	15	33	24	10	13	14	14	11	11	18	25	15	17	10	23	39	10	16	19	23	20	10
HT1226	O1a	38,39	15	13,13	12	29	23	10	14	13	14	10	11	18	31	17	14	10	27	40	11	19	17	23	20	12
HT1227	O1a	36,36	15	14,17	14	31	24	10	13	14	14	11	11	18	26	15	17	11	23	39	10	16	18	27	20	10
HT1228	O1a	35,40	14	15,19	12	28	23	10	14	12	15	11	13	20	32	15	17	9	23	37	11	17	19	21	20	12
HT1229	O1a	35,37	15	14,18	14	31	24	10	13	14	14	11	11	18	26	15	16	10	22	39	10	16	19	25	20	10
HT1230	O1a	37,38	16	13,18	13	29	24	11	13	12	14	10	14	18	26	16	18	10	25	41	10	15	17	21	22	11
HT1231	O1a	36,40	15	14,16	12	29	24	10	13	15	14	10	12	18	27	15	17	10	23	39	10	16	17	20	23	10
HT1232	O1a	35,41	15	12,16	14	33	24	10	12	12	15	10	12	19	32	15	20	9	25	36	11	16	19	23	20	12
HT1233	O1a	36,41	14	13,17	13	30	25	11	13	12	14	11	13	21	31	15	17	10	23	35	11	19	16	22	21	11
HT1234	O1a	37,38	16	14,19	13	30	25	10	13	13	14	10	12	18	27	15	16	10	23	41	10	18	18	21	22	11
HT1235	O1a	36,36	15	15,20	13	28	24	11	14	15	14	9	11	18	29	15	15	11	24	42	10	16	18	23	21	11
HT1236	O1a	36,39	16	13,18	13	29	25	11	13	14	14	10	12	18	28	15	19	10	23	41	10	16	19	21	22	11
HT1553	C2c	37,39	15	13,19	13	29	24	11	11	14	14	10	13	18	27	15	16	10	23	42	10	16	19	20	25	11
HT1554	C2c	35,37	14	13,17	12	28	24	10	14	12	15	11	12	20	34	15	21	9	25	35	11	16	20	18	20	12
HT1555	C2c	37,40	15	13,17	13	29	24	10	14	14	14	10	12	18	27	15	17	10	23	41	10	16	18	20	24	11
HT1556	C2c	37,40	17	13,22	12	28	24	10	13	12	16	10	11	20	34	15	19	9	22	36	11	20	18	23	23	12
HT1557	C2c	34,38	15	11,17	12	28	21	10	11	12	14	10	12	20	29	15	19	10	28	41	12	19	17	20	24	11
HT1558	C2c	38,38	14	11,12	14	31	23	11	14	13	14	12	11	19	29	15	16	11	22	36	12	18	19	22	25	12
HT1559	C2c	36,39	14	13,14	14	30	22	10	14	13	14	10	12	18	30	15	15	11	25	38	12	19	16	20	20	12
HT1560	C2c	33,40	14	13,17	12	28	25	10	14	12	15	11	12	19	32	15	19	9	23	36	11	17	19	18	20	12
HT1561	O1b	36,36	15	14,18	14	30	24	10	13	14	14	11	11	18	26	15	16	10	23	39	10	16	19	24	20	10
HT1562	O1b	36,39	15	14,16	12	28	24	10	13	14	14	10	11	18	26	16	17	11	23	38	10	16	19	21	22	10
HT1563	O1b	37,39	15	14,16	12	29	24	11	13	15	14	10	11	18	27	14	18	11	23	41	10	16	19	21	22	10
HT1564	O1b	37,40	16	13,21	12	28	23	10	13	12	15	10	11	20	32	15	18	10	25	41	13	20	18	23	21	11
HT1565	O1b	36,39	17	13,19	12	31	24	11	13	14	14	10	11	17	26	15	17	10	23	43	10	18	18	21	21	11
