Sample	Haplogroup	DYS576	DYS389I	DYS635	DYS389II	DYS627	DYS460	DYS458	DYS19	YGATAH4	DYS448	DYS391	DYS456	DYS390	DYS438	DYS392	DYS518	DYS570	DYS437	DYS385a	DYS385b	DYS449	DYS393	DYS439	DYS481	DYF387S1a	DYF387S1b	DYS533
N001	O2a2b1a1a3	18	12	20	27	19	9	19	14	12	20	10	15	24	11	14	34	18	15	14	18	33	12	12	23	36	37	12
N002	C2c1b	17	14	21	30	23	12	15	15	11	20	10	15	23	10	11	38	17	14	10	20	30.2	15	11	25	36	38	13
N003	O1a1a2	15	12	20	29	19	11	16	15	11	18	10	15	23	10	14	36	20	14	13	14	28	13	11	24	37	40	11
N004	O2a1c1a1a1a1a1a1	17	12	21	28	20	11	18	15	11	19	10	13	25	10	13	39	20	14	12	18	33	12	12	27	36	38	11
N005	O2a2a1	18	13	22	28	21	9	19	17	12	20	10	14	25	10	14	41	19	15	13	23	35	12	12	26	36	41	11
N006	O2a1c1a1a1a1a1a1b	19	12	20	28	19	11	16	16	12	19	10	14	25	10	13	38	17	14	12	19	32	13	11	26	35	37	12
N007	O1b1a1a1a1a1	18	13	23	31	20	10	17	15	11	18	10	15	24	10	13	41	18	14	13	19	26	14	12	22	38	39	10
N008	O1b2	17	14	21	30	23	11	15	17	12	18	10	15	24	10	13	40	20	14	12	18	28	13	13	23	38	41	11
N009	O1b1a1a1a1a2	16	9	21	29	21	10	19	16	11	18	10	14	24	10	13	42	17	14	13	18	27	13	12	24	37	39	10
N010	O1a1a1b2	16	12	23	30	22	11	15	15	12	18	10	17	23	10	14	37	20	14	13	14	29	13	12	25	37	39	12
N011	O2a2b1a2a1a3b2b2	18	13	20	29	21	10	18	14	12	19	11	17	23	10	12	35	18	15	12	16	33	12	13	22	36	38	11
N012	O1b1a1a1a1b	19	12	23	29	23	10	19	15	10	18	10	15	24	10	14	43	19	14	15	18	26	14	11	23	36	38	10
N013	O2a2b1a2a1a3	18	12	19	29	22	10	15	15	12	19	10	15	23	10	12	38	17	15	12	16	37	12	12	22	35	39	11
N015	O1b1a1a1a1a1	17	14	23	30	19	10	21	16	11	18	11	14	24	10	13	41	16	14	13	18	26	14	12	22	37	38	10
N016	O2a2b1a2a1	19	12	19	28	23	9	19	14	12	19	10	15	23	10	12	37	17	15	9	16	33	12	12	22	36	39	11
N017	O2a1c1a1a1a1a1a1b	18	12	20	27	20	11	17	15	12	19	10	14	25	10	13	40	17	14	12	19	31	12	13	27	35	37	11
N018	O1a1a2a1	16	12	21	26	21	10	16	16	12	18	10	15	23	10	14	36	18	14	12	13	29	13	13	24	35	40	11
N019	O2a2b	17	12	21	30	23	9	18	16	12	20	10	14	23	10	13	38	16	15	12	18	34	12	11	24	40	42	12
N020	O2a1c1a1a1a1a1a1b  	19	12	20	28	20	11	17	16	12	19	10	14	25	10	13	38	16	14	12	19	32	12	11	26	35	37	12
N021	N1b	15	14	24	31	23	12	15	14	12	19	10	18	23	10	14	35	18	14	11	12	29	13	11	22	37	37	12
N022	O1b	18	14	23	29	23	10	15	15	12	18	10	15	23	10	13	37	17	14	15	15	29	14	11	23	36	38	9
N023	O2a2b1a2a1	19	12	19	28	22	9	19	15	11	19	11	15	23	10	12	36	16	15	11	16	33	12	13	22	36	39	11
N024	C2c1a1	16	12	21	28	23	10	15	17	11	21	10	14	23	10	11	38	15	14	11	16	29	14	12	24	37	37	13
N025	O2a2b1a1	18	13	20	29	18	9	17	14	12	20	10	17	24	11	14	33	17	15	13	18	32	12	13	23	35	37	11
N026	O2a1c	21	13	21	29	20	9	19	15	11	19	10	16	22	10	13	38	17	15	11	19	31	12	11	25	36	39	11
N027	O2a1c1a1a1a	18	12	24	27	21	10	18	17	12	18	10	14	25	10	13	39	17	14	14	18	30	12	13	24	36	38	11
N028	O2a2b1a1a1	18	12	20	29	20	9	17	14	13	20	10	15	23	11	14	35	18	15	13	18	29	12	12	23	35	38	11
N029	O1a1a2a1	18	12	21	29	20	10	15	15	12	18	10	16	23	10	14	37	18	14	12	13	31	14	12	24	36	39	11
N030	O1b1a1a1b	18	13	21	28	23	10	16	15	11	18	11	15	26	10	13	42	16	14	15	21	29	14	12	23	37	40	10
N031	O2a1c	17	13	21	28	22	9	16	15	11	19	10	16	21	10	14	37	17	15	11	11	30	12	11	23	37	39	12
N032	O2a2b1a2a1	18	12	19	29	24	9	18	16	12	19	10	15	22	10	12	37	16	15	12	16	35	12	12	22	37	39	11
N033	O2a2b1a1a1	18	12	20	28	18	9	17	14	12	20	10	15	23	11	14	36	18	14	13	20	37	12	11	23	35	38	11
N034	O2a2b1a1a6	20	12	20	28	19	9	17	14	12	20	10	14	23	11	14	35	19	15	13	20	31	11	12	23	35	38	11
N035	N1	15	12	22	28	21	10	16	14	13	21	10	15	23	10	14	39	20	14	10	13	29	13	10	22	36	36	12
N036	O2a2b1a1a6	20	12	20	28	17	9	16	15	12	20	10	15	25	11	14	35	17	14	13	17	31	12	14	23	35	38	11
N037	O2a2b1a2a1a3b1	16	12	19	28	20	9	18	16	12	19	10	15	25	10	12	37	16	15	12	13	31	12	12	23	36	40	11
N038	O1a1a1b	16	12	20	27	23	11	15	15	12	18	10	17	24	10	14	38	19	14	13	13	29	14	12	25	35	38	12
N039	DE	16	12	19	30	19	11	16	14	12	20	10	14	24	11	11	37	17	15	15	16	25	13	11	24	36	37	13
N041	Q1a2	18	14	21	30	22	10	16	16	11	17	10	14	24	10	13	41	17	14	14	19	26	14	12	23	37	38	10
N042	O1b1a1a1a1a1	20	14	21	31	20	11	16	15	12	21	11	15	25	10	11	35	16	14	13	14	30	13	12	26	38	38	12
N043	C2	22	14	22	30	22	10	16	13	10	19	6	17	24	12	13	36.2	19	14	16	20	30	14	12	24	38	38	12
N044	Q1a2	20	13	21	30	20	9	19	15	11	19	10	16	23	10	13	38	17	15	11	18	33	12	11	25	36	39	11
N046	O2a1c	18	13	22	28	21	9	19	17	12	20	10	14	25	10	14	42	19	15	13	21	36	12	12	26	36	40	11
N047	O1b1a1a1a1b	18	13	19	29	20	9	19	15	12	20	10	16	23	10	12	36	16	15	12	13	30	12	11	22	37	39	11
N048	O2a2a1	20	15	20	32	22	12	15	14	11	18	10	15	25	10	14	40	16	14	13	19	30	14	12	23	36	39	10
N050	O2a2b1a2a1	17	13	23	29	20	10	15	15	12	18	10	15	24	10	13	39	20	14	12	18	29	14	12	23	39	40	10
N051	O2	18	12	21	28	18	10	18	16	11	20	10	17	25	10	13	36	15	14	13	21	30	12	11	28	38	40	11
N052	O1a1a1a1	17	12	20	28	20	10	18	14	12	20	10	15	23	11	14	37	17	15	15	19	33	12	12	24	35	38	11
N053	O1b1a2a	21	14	20	30	18	9	18	14	12	20	10	15	24	11	14	35	18	15	12	17	31	12	12	23	35	37	12
N054	O2a1c	20	12	20	28	20	11	17	16	12	19	10	14	24	10	13	41	17	14	12	18	32	12	11	26	35	37	11
N055	O2a2b1a1a4	18	13	21	31	26	10	16	17	10	18	10	15	24	11	13	39	16	14	13	19	26	14	11	23	33	36	10
N056	O2a2b1a1a1	20	13	21	29	20	9	21	15	11	19	10	16	23	10	14	38	17	15	11	19	32	12	11	25	36	39	11
N057	O2a1c1a1a1a1a1a1b	20	12	22	28	21	10	18	16	12	19	9	14	24	10	13	39	17	14	12	20	32	12	12	26	36	38	11
N058	O1b1a1a1a1b1	17	12	19	27	22	9	18	14	11	19	10	14	23	10	12	36	16	15	16	16	33	12	12	22	36	40	11
N059	O2a1c	18	12	23	28	20	9	15	15	12	20	10	15	23	10	13	39	20	15	15	19	32	12	11	24	37	43	13
N060	O2a1c1a1a1a1a1a1a1a	18	12	20	28	19	11	15	16	11	18	10	16	23	10	14	36	19	14	13	14	27	13	11	24	36	41	11
N061	O2a2b1a2a1	20	14	22	30	23	10	21	16	12	20	10	15	23	10	14	38	18	15	13	21	34	12	12	26	39	39	11
N062	O2a2a1	19	12	20	28	18	9	22	14	11	20	10	15	24	11	14	35	17	15	13	17	33	12	13	23	35	37	12
N064	O2a2a1	18	12	19	29	23	10	15	15	11	18	10	16	23	10	14	38	18	14	13	13	32	13	11	25	38	39	12
N065	O2a2b1a1a6	19	13	21	29	21	10	16	16	11	18	11	15	24	10	13	41	17	14	13	19	26	15	13	24	37	39	10
N066	O1b1a1a1a1a	20	14	21	31	20	11	16	16	12	21	11	15	25	10	11	35	16	14	13	15	29	13	12	26	37	37	13
N067	O1a1a1a1	18	14	21	30	24	11	19	15	12	19	10	15	22	10	15	36	21	14	11	14	33	13	11	23	36	38	12
N068	O1b1a1a1a1a	18	13	21	29	24	10	18	15	12	18	11	14	21	11	13	39	16	14	12	17	29	14	12	24	36	39	11
N069	C2	19	14	22	30	20	11	16	13	10	19	6	18	24	12	14	36.2	19	14	16	20	30	14	11	25	38	38	12
N070	N1b	17	12	20	30	21	10	15	16	11	18	10	17	23	10	14	38	17	14	13	14	32	13	12	24	37	38	11
N071	O1b1a2b	18	13	22	29	19	10	16	15	11	18	11	15	24	10	13	39	16	14	13	19	28	14	14	23	38	39	10
N072	Q1a2	16	12	21	29	21	10	19	17	12	20	10	13	25	10	13	39	20	14	13	17	29	12	11	25	36	37	11
N073	O1a1a1a1	19	14	21	30	21	11	19	16	10	18	10	15	23	13	13	39	18	14	11	17	29	13	12	23	40	40	11
N074	O1b1a1a1a1a	17	14	21	30	23	11	18	16	12	21	10	16	24	10	11	38	14	14	12	18	32	15	12	23	37	37	12
N075	O2a1c1a1a1a	19	13	21	30	21	9	19	16	11	19	10	15	23	10	13	39	16	15	11	17	33	12	11	26	36	39	11
N076	O1b2	16	12	20	27	22	11	15	15	12	18	10	15	24	10	15	37	19	14	13	13	31	13	11	25	36	39	11
N077	C2c1a2	19	12	20	28	19	9	16	14	12	20	10	15	24	11	14	34	16	15	14	16	34	12	13	23	35	37	12
N078	O2a1c	21	12	21	28	21	10	17	16	12	19	10	14	25	10	13	41	17	14	12	19	31	12	12	27	35	37	11
N079	O1a1a2a1	19	13	22	31	20	9	16	15	11	20	10	14	23	10	13	34	15	14	12	19	29	12	11	23	38	39	10
N080	O2a2b1a1a3	18	14	20	33	22	11	16	16	10	18	10	17	24	11	11	37	15	14	13	17	25	14	11	23	37	38	10
N081	O2a1c1a1a1a1a1a1b  	19	14	21	30	21	12	15	15	11	21	10	15	24	10	11	38	18	14	11	21	29	13	11	26	36	36	12
N082	O2a1	18	12	19	28	21	10	15	15	12	18	11	15	23	10	14	39	19	14	13	13	33	13	11	25	40	40	11
N083	O1b1a1a1a1b1	19	14	22	30	20	10	16	13	10	19	6	17	24	12	14	35.2	20	14	16	19	30	14	12	24	37	37	12
N084	C2c1b	16	13	21	29	21	11	16	16	11	19	11	16	22	10	13	33	18	14	12	22	30	12	12	21	37	39	11
N085	O1a1a1a1	18	12	23	28	21	9	18	16	12	20	9	15	24	10	13	38	17	15	12	17	33	12	11	23	40	40	11
N086	Q1a2	16	13	21	29	20	11	15	15	12	18	10	15	23	10	14	39	20	14	12	13	33	13	12	24	36	40	11
N088	O2a2a1	19	12	20	29	19	10	19	16	11	19	11	15	23	10	12	34.3	17	15	12	15	35	13	12	20	36	39	11
N089	O1a1a	18	12	20	28	20	10	18	16	12	19	10	14	25	10	13	39	16	14	12	19	31	12	12	26	35	37	11
N090	O2a2a1	18	13	23	29	20	10	18	15	11	21	10	15	24	10	11	41	16	14	12	12	28	14	11	27	39	39	12
N091	O2a2b1a2a1a3b2b2	19	12	21	28	19	9	18	15	12	20	10	15	24	11	14	34	18	15	14	18	33	12	12	23	36	38	12
N092	O2a1c1a1a1a1a1a1a2	16	12	21	31	24	11	14	15	12	18	10	14	23	11	14	38	19	14	13	14	29	13	12	24	37	38	12
N093	C2b1a3	19	12	20	27	19	9	17	14	12	20	11	15	23	11	14	36	22	14	13	19	35	12	11	23	35	38	11
N094	O2a2b1a1a3	19	12	20	29	19	11	16	15	11	18	10	15	23	10	14	36	20	14	13	14	28	13	11	24	37	40	11
N095	O1a1a1b2	18	12	20	28	19	9	19	14	12	20	10	14	23	11	14	35	19	15	13	19	33	12	12	24	35	39	12
N096	O2a2b1a1a3	18	14	24	30	24	11	16	14	12	19	11	15	23	11	14	37	18	14	11	12	27	13	12	23	37	37	12
N097	O1a1a2	19	14	21	30	23	11	15	16	12	21	10	16	23	10	11	40	16	14	10	21	32	14	13	23	38	39	12
N098	O2a2b1a1a3	17	12	21	28	21	10	15	17	11	21	10	14	23	10	11	36	16	14	11	18	29	13	12	24	36	36	12
N099	N1b	19	12	24	30	21	10	19	15	10	19	10	15	24	10	13	42	22	14	16	17	26	14	11	24	36	37	10
N100	C2c1b	19	12	19	28	19	9	17	15	13	19	10	15	22	10	12	36	18	14	12	17	33	12	12	22	34	39	12
N101	C2c1b	16	13	21	29	21	9	18	15	11	19	10	15	24	10	13	38	18	15	13	22	33	12	12	27	38	39	11
N102	O1b1a1a1a1b	17	13	23	29	22	11	16	15	11	19	10	15	25	10	13	40	17	14	13	19	30	14	12	23	36	36	10
N103	O2a2b1a2a1	19	12	19	29	22	10	15	15	12	18	11	16	23	10	14	38	18	14	13	13	31	13	11	25	38	39	11
N104	O2a2a1a1a	20	12	23	29	21	9	18	15	11	19	10	14	25	12	13	37	14	14	12	17	33	13	12	24	39	39	11
N105	O1b1a1	18	12	22	27	21	10	19	16	12	19	10	15	25	10	15	36	19	13	12	21	30	12	12	25	37	38	12
N106	O1a1a1a1	19	13	21	29	23	10	17	15	12	18	11	14	23	11	13	40	16	14	12	17	29	14	12	24	36	39	11
N107	O2a2b	19	14	21	33	21	9	17	15	11	19	10	14	23	10	14	34	16	14	12	19	29	12	11	23	37	37	11
N108	O2a1c1a1a1a	17	12	19	28	20	10	17	15	12	17	10	18	23	10	14	36	19	14	13	14	31	13	11	24	38	38	11
N109	O1b1a2b	18	13	21	30	21	11	14.1	13	11	19	10	17	22	10	14	39	19	14	11	12	30	14	11	22	38	38	12
N111	O1a1a1a1	18	13	22	29	22	9	18	14	10	18	11	15	24	8	11	38	19	14	14	18	27	14	11	22	36	38	10
N112	N1b	17	13	21	30	22	11	15	15	11	21	10	15	23	10	11	42	15	14	11	12	30	15	11	26	36	37	12
N113	O2a1	18	13	19	29	24	9	19	15	12	19	10	15	24	10	13	36	16	15	12	13	32	12	12	22	38	39	11
N114	O1b1a1a1a1b1	18	13	20	29	20	9	19	14	12	20	11	15	23	11	14	37	17	15	15	18	32	12	13	23	35	39	11
N115	C2c1b	19	16	24	33	20	11	16	15	10	18	10	15	24	10	14	36	17	14	12	18	27	13	11	22	36	37	10
N116	O2a2b1a2a1	18	14	20	31	22	10	17	16	10	18	10	17	24	11	11	38	16	14	13	18	27	14	12	23	37	38	10
N117	O2a2b1a1a4	20	12	20	28	18	10	18	14	11	20	10	15	24	11	14	35	17	15	13	18	34	12	13	23	35	38	11
N119	O1b1a1a1a1b1	17	14	21	30	23	12	15	16	12	18	10	15	24	10	13	39	19	14	12	18	29	14	12	23	38	39	11
N120	O1b1a1a1a1b1	18	12	21	29	20	11	21	16	11	19	10	16	25	10	10	36	20	14	15	18	32	12	12	28	36	37	12
N121	O2a2b1a1a6	17	13	21	29	21	10	19	16	11	18	10	15	25	10	14	42	17	14	13	18	27	13	11	24	37	39	10
N122	O2a2a1	16	12	23	29	20	10	19	15	12	20	11	14	25	10	13	39	20	14	14	18	27	12	11	24	35	37	11
N123	O1b1a2a	17	14	25	31	21	11	18	14	12	19	10	17	23	11	14	35	17	14	11	12	28	13	12	22	38	38	12
N124	DE	17	12	21	28	24	10	14	15	12	18	11	15	23	10	14	37	18	14	13	13	29	13	12	25	36	39	11
N125	O1b1a1a1a1a2	18	13	22	29	20	10	18	16	11	18	10	15	25	10	13	43	17	14	13	18	26	14	12	23	38	39	11
N126	O2a1c1a1a1a	19	14	23	30	21	10	21	15	10	18	10	14	24	10	13	41	19	14	13	20	26	14	12	22	36	36	10
N127	N1b	18	14	23	31	22	10	16	16	11	17	11	14	24	10	13	41	17	14	14	19	26	14	12	23	37	38	10
N128	O1a1a	19	13	22	31	21	10	18	15	11	18	10	15	24	10	13	44	20	14	12	21	29	14	13	23	34	34	10
N129	O1b1a1a1a1a1	20	12	20	29	22	9	18	15	12	19	10	15	24	10	12	36	17	15	13	16	34	12	13	20	35	37	12
N130	O1b1a1a1a1b1	20	13	21	30	20	12	17	15	12	21	11	15	25	10	11	35	16	14	13	14	30	13	12	27	37	37	13
N131	O1b1a1a1a1a1	19	12	21	28	21	11	18	15	11	19	10	15	23	10	12	39	18	15	12	15	30	13	11	23	36	38	12
N132	O1b1a1	17	12	21	29	21	11	22	15	11	19	10	15	25	10	10	36	20	14	16	16	30	12	11	28	36	37	12
N133	O2a2b1a2a1	17	12	23	28	21	11	16	17	13	20	10	14	24	9	14	39	17	14	12	19	34	12	12	24	36	37	11
N134	C2	18	12	24	28	24	9	17	16	12	21	10	15	23	10	13	43	20	15	12	22	32	13	12	23	37	39	11
N135	O2a2b1a2	19	12	20	28	22	9	19	14	11	19	10	15	23	11	14	37	17	15	16	19	31	12	13	23	35	39	11
N136	DE	20	12	21	27	19	9	17	14	12	19	10	15	24	11	14	35	18	15	13	18	36	12	12	25	35	39	11
N137	O2a1c1a1a1a	17	13	21	29	19	9	18	15	11	19	10	15	24	10	13	40	17	15	13	20	32	12	13	28	37	38	11
N138	O2a2a1	20	12	22	28	20	10	17	16	12	19	9	14	25	10	13	38	17	14	12	20	31	12	11	27	35	38	11
N139	O2a2b1a1a4	16	13	19	29	21	11	16	14	12	18	10	15	23	10	14	37	19	14	13	13	33	13	12	23	35	40	11
N140	O2a2b1a1a	19	12	20	28	22	11	16	16	12	19	10	14	25	11	13	38	17	14	12	18	30	12	11	26	35	37	12
N141	O2a2a1a1a	18	13	22	29	18	11	15	16	11	21	10	15	23	10	11	39	16	14	11	17	30	14	12	24	37	37	14
N142	O2a1c1a1a1a1a1a1a1a	17	14	21	30	22	11	16	15	12	18	11	15	24	10	13	41	20	14	13	19	29	13	11	23	37	39	11
N143	O1a1a2a1	18	13	22	29	21	10	18	15	11	20	10	15	24	10	11	37	19	14	17	17	26	13	11	25	35	40	12
N144	O2a1c1a1a1a1a1a1	16	14	21	29	22	11	16	15	12	18	10	17	23	10	13	40	17	14	12	18	29	14	12	23	37	39	11
N145	C2c1a2	16	14	23	29	21	10	15	16	11	18	10	15	23	10	13	41	16	14	13	20	27	14	13	24	39	39	10
N146	O1b1a2a	18	13	23	30	21	10	17	13	12	19	10	15	22	11	14	39	18	14	14	19	30	14	13	25	35	39	11
N147	DE	18	14	21	30	21	9	18	15	11	20	11	15	25	10	13	38	14	15	12	18	35	12	12	24	40	40	12
N148	C2	21	14	21	31	20	11	17	15	12	21	10	15	25	10	11	35	16	14	13	14	29	13	12	27	38	38	12
N149	O1b1a2a	19	12	23	28	20	10	17	16	12	20	10	13	25	10	13	42	20	14	12	18	30	12	12	27	36	38	11
N150	O1b1a1a1a1a1	18	13	20	32	21	10	15	15	13	18	10	16	23	10	14	38	20	14	13	13	31	13	11	25	38	39	11
N151	Q1a2	16	12	19	28	20	9	18	15	12	19	10	16	25	10	12	36	16	15	12	13	34	12	12	24	36	41	11
N152	O2a2b	17	12	20	27	19	9	19	14	11	20	10	15	24	11	14	34	17	15	13	18	34	12	12	23	35	37	10
N153	C2	20	12	20	28	20	11	17	16	12	19	10	14	25	10	13	39	16	14	12	19	31	12	11	26	35	37	12
N154	O2a1c1a1a1a1a1a1	19	13	21	29	22	9	18	15	11	20	10	15	22	10	12	38	18	15	11	11	32	12	12	23	36	40	12
N155	O1a1a1a1	18	12	20	30	18	10	17	16	12	19	10	15	23	10	13	37	17	15	12	17	32	12	10	22	35	40	11
N157	O2a2b1a2a1a3b1	17	12	21	30	21	10	16	16	13	20	11	15	23	10	13	38	18	15	14	20	31	12	11	24	37	38	11
N158	O2a2b1a1a4	18	12	20	28	19	9	18	15	12	20	10	15	25	11	14	35	17	14	13	21	32	12	13	23	35	39	11
N159	O2a1c1a1a1a1a1a1	20	12	20	28	21	10	15	15	12	18	11	17	23	10	14	41	18	14	13	13	31	13	11	25	37	40	11
N160	O2a1c	18	12	21	28	25	10	17	15	11	18	10	15	25	10	13	38	18	14	14	17	27	14	12	24	37	38	10
N161	O2a2b1a2a1a3	19	13	21	29	20	9	19	17	11	19	10	15	22	10	13	38	17	15	12	18	31	12	11	24	35	40	11
N162	O2a1c1a1a1a	17	13	22	31	19	11	18	17	11	19	10	15	24	10	13	38	18	14	12	19	32	12	12	24	36	37	11
N163	O2a2a1	18	13	22	28	21	10	20	15	11	19	11	15	23	10	13	39	17	14	12	20	32	12	11	22	36	40	12
N164	O2a2b1a1a	19	12	22	28	21	9	15	14	12	20	10	15	24	11	14	36	19	15	13	18	32	12	14	22	36	36	11
N165	O1a1a1a1	19	13	21	30	24	10	16	15	10	18	10	15	24	11	13	40	15	14	14	18	26	14	11	23	33	37	10
N166	O1b1a1a1a1b	17	12	23	29	23	10	18	15	10	18	10	16	24	10	13	39	16	14	14	15	27	15	11	23	37	40	10
N167	O2a1c	16	12	22	30	22	11	15	15	12	18	10	17	23	10	14	37	21	14	13	14	29	13	13	25	37	39	12
N168	O2a1c1a1a1a	19	13	22	29	23	11	15	15	11	21	10	14	22	10	11	38	17	14	11	19	31	15	11	27	35	40	12
N169	O2a1	20	12	20	28	21	9	20	14	12	20	10	16	25	11	14	35	17	15	13	17	33	12	14	25	35	38	11
N170	O2a2b1a1a	20	12	20	28	18	9	18	14	12	20	10	15	25	11	14	35	17	15	13	17	32	12	13	22	35	38	11
N171	O1b1a1a1a1b1	18	13	21	29	23	10	17	15	12	18	11	14	23	11	13	39	16	14	12	17	29	14	12	24	36	39	11
N172	O1b1a1a1a	18	12	19	28	19	9	18	16	12	19	10	16	25	10	12	37	16	15	12	13	33	12	12	23	37	39	11
N173	O1a1a1b2	19	13	24	31	22	9	19	15	12	21	10	13	24	10	13	41	18	15	14	22	32	12	13	23	34	38	11
N174	C2c1b	19	12	20	27	18	9	15	14	12	20	11	15	24	11	14	33	22	15	13	20	32	12	12	23	35	37	12
N175	O2a2b1a1a	19	13	22	30	22	11	17	15	12	21	10	15	25	10	11	35	16	14	13	14	30	13	12	27	37	37	13
N176	O2a2b1a1a	19	13	22	30	21	11	17	15	12	21	10	15	23	10	11	36	16	14	11	18	29	14	11	26	36	38	12
N177	O1b1a2b	18	14	24	30	23	11	15	15	12	18	10	16	23	11	14	36	18	14	11	11	29	13	12	22	39	39	13
N178	O2a2b1a2a1a3b1	16	13	22	30	23	10	16	16	10	18	10	15	24	11	13	39	16	14	13	19	27	14	12	23	33	36	11
N179	O2a1	21	13	22	29	25	9	16	15	10	18	10	15	24	10	13	38	17	14	12	18	27	14	12	22	36	37	11
N180	O1b1a1a1a1a1	18	12	20	28	21	9	19	14	12	20	10	15	25	11	14	36	17	15	13	16	34	12	13	23	37	38	11
N181	O2a2b1a1a3	18	13	24	30	19	10	18	16	11	18	11	15	24	10	13	41	15	14	12	19	26	14	12	23	38	38	10
N182	C2	19	13	25	30	19	11	17	14	10	18	11	15	22	10	13	40	16	14	13	21	32	14	11	23	36	36	10
N183	C2c1a1	18	12	20	29	18.2	10	16	16	12	19	10	17	23	10	14	42	19	14	12	14	30	12	11	26	35	39	11
N185	O1b1a1a1a1b1	16	13	21	29	23	11	14	14	13	18	12	15	23	10	14	36	19	15	13	14	32	13	12	24	36	39	11
N186	O1b1a1a1a1b1	20	13	21	28	21	11	19	15	12	20	10	16	24	10	14	39	19	14	13	19	32	12	12	26	41	41	11
N187	O2a2b1a1a3	18	12	19	28	24	9	17	15	12	18	11	15	23	10	12	35	16	15	12	16	34	12	12	24	36	39	11
N188	O1b1a1a1a1a1	16	11	20	28	20	11	18	16	11	18	11	14	25	10	13	40	17	15	14	18	26	14	11	23	38	38	10
N189	O1b1a1a1a	16	12	21	30	22	11	16	15	12	18	10	15	23	10	14	37	19	14	13	14	30	13	13	26	36	39	13
N190	O1a	18	12	21	29	23	11	20	16	11	19	10	16	25	10	10	36	20	14	15	17	32	12	14	27	36	38	12
N191	O2a2b1a2a1	17	13	21	28	24	12	17	15	11	19	10	15	22	10	15	36	20	14	10	14	32	13	11	23	36	38	12
N192	O1b1a1a1a1a1	20	13	20	29	19	11	18	14	11	20	10	15	24	11	14	35	19	16	14	18	29	14	13	23	35	38	11
N193	O2a2a1	20	12	22	28	16	9	18	15	12	19	10	16	24	11	15	37	17	15	14	19	34	12	12	23	35	38	11
N194	O1a1a2a1	17	12	24	28	20	10	18	17	12	21	10	14	25	10	13	39	17	14	14	17	27	12	11	25	36	37	11
N195	O2a2a1	17	12	20	27	22	10	15	15	12	18	10	18	23	10	14	38	19	14	13	13	30	13	12	25	37	41	11
N197	O2a2b1a2a1	20	14	20	30	21	11	18	16	11	18	10	16	23	10	14	35	19	14	12	12	29	13	11	21	35	35	12
N198	O1b1a1a1a1a2	18	13	22	30	23	9	18	15	13	19	10	15	24	10	14	41	20	15	16	20	32	12	10	25	36	41	12
N200	O1a1a1b2	18	13	24	31	22	10	18	17	11	18	11	15	24	10	13	41	16	14	12	19	26	14	12	23	37	38	10
N202	DE	19	12	19	29	23	10	17	15	12	19	10	16	23	10	12	39	17	14	12	17	36	12	12	21	37	39	11
N203	N1b	17	12	21	27	21	10	15	15	12	18	10	18	23	10	14	38	19	14	13	13	30	13	12	25	38	40	11
N205	C2c1a1	17	13	23	28	20	10	15	16	11	18	10	15	23	10	13	40	16	14	13	19	27	14	13	22	38	39	10
N206	O2a2b1a1a3	18	12	23	27	19	10	17	13	13	19	10	14	25	10	13	38	17	14	12	19	33	12	12	24	36	38	11
N208	O2a1c1a1a1a	19	12	21	30	22	9	17	14	12	20	10	15	25	11	14	35	17	15	13	16	28	12	11	25	36	38	10
N209	O1a1a1a	20	13	23	28	22	10	19	17	13	19	9	15	25	10	13	37	18	14	14	18	30	12	12	25	36	38	11
N210	O2a2b1a1a	18	12	21	28	21	10	18	15	13	19	10	14	23	10	13	39	16	15	12	17	29	12	11	24	39	41	11
N212	N1	18	12	20	30	22	10	15	15	12	18	11	16	24	10	14	39	18	14	13	13	31	13	11	24	38	38	11
