Sample	Haplogroup	DYS576	DYS389I	DYS635	DYS389II	DYS627	DYS460	DYS458	DYS19	YGATAH4	DYS448	DYS391	DYS456	DYS390	DYS438	DYS392	DYS518	DYS570	DYS437	DYS385a	DYS385b	DYS449	DYS393	DYS439	DYS481	DYF387S1a	DYF387S1b	DYS533
L-004	O1b1a1a1a1a2	21	13	21	30	20	10	18	15	11	18	11	15	25	11	13	40	19	14	13	18	27	12	13	23	37	39	10
L-005	O1a1a1b	17	12	21	29	21	10	15	15	12	18	10	16	24	10	14	36	19	14	13	13	29	14	12	25	35	38	12
L-006	O2a1c1a1a1a	17	12	23	31	23	11	18	16	12	19	10	14	25	10	13	41	19	14	12	19	32	12	11	25	36	38	11
L-009	O2a2b	18	12	20	27	21	9	18	15	12	20	10	15	22	10	13	36	15	15	12	18	33	12	12	24	38	39	13
L-010	O1b1a1a1a1b	18	13	22	29	23	10	16	15	10	18	10	15	24	10	13	41	17	14	14	16	28	14	11	25	36	38	10
L-011	O1a	17	12	21	28	19	10	17	16	12	16	11	17	23	10	13	37	18	15	14	14	30	13	11	26	38	39	11
L-012	O2a2b1a2	17	12	20	28	21	10	19	15	12	19	10	16	23	10	12	39	17	15	12	12	33	12	12	22	36	39	11
L-014	O1b1a1a1a1a2	19	14	21	31	21	10	16	15	11	17	11	15	25	10	13	41	18	14	13	19	26	13	12	23	37	39	10
L-015	O2a2a1a1a	18	13	20	29	22	9	18	15	11	19	10	15	24	10	13	40	18	15	13	21	34	12	13	28	38	39	11
L-016	O2a2b1a1a	18	12	20	28	19	9	19	15	12	20	10	15	24	11	14	34	18	14	14	17	34	12	12	23	36	37	12
L-019	O2a2a1	20	12	21	29	19	9	19	16	13	22	9	15	24	10	13	40	20	14	14	20	35	12	12	24	36	40	11
L-020	O1b1a1a1a1b	18	13	23	29	21	10	17	15	10	18	10	16	24	10	13	40	17	14	14	16	28	14	11	25	36	37	10
L-021	O1a1a1b	16	12	21	29	21	11	15	15	11	18	10	16	23	10	14	35	19	14	13	14	31	13	11	24	37	38	13
L-024	O1b1a1a1a1b	17	13	23	29	22	10	17	15	10	18	10	16	25	10	13	40	17	14	14	16	28	14	11	25	36	37	10
L-025	O1b1a1a1a1b	17	14	23	30	22	10	16	15	10	17	10	15	24	10	13	40	18	14	14	16	29	14	11	25	36	38	10
L-028	O1b1a1a1a1b	18	13	22	29	23	10	17	15	10	18	10	16	25	10	13	42	17	14	14	18	27	14	11	25	36	37	10
L-029	O1b1a1a1a1a1	18	13	22	30	19	10	16	16	11	17	11	15	24	10	13	41	16	14	13	19	26	13	12	22	37	39	10
L-032	O1b1a1a1a1b	19	13	23	29	22	10	17	15	10	18	10	15	25	10	13	40	17	14	14	16	28	14	11	25	36	37	10
L-033	O1a1a1b	19	12	21	29	22	10	15	15	11	19	10	16	24	10	14	37	19	14	13	13	29	14	12	25	36	38	12
L-034	O1b1a1a1a1b	18	13	22	29	21	10	17	15	10	18	10	16	25	10	13	40	17	14	14	16	28	14	11	25	37	37	10
L-037	O1b1a1a1a1a1	18	13	23	29	20	11	15	16	11	18	11	16	24	11	13	39	16	14	13	19	26	14	12	26	36	39	10
L-038	O1a1a2a1	17	12	20	28	22	11	15	15	12	18	10	14	23	10	14	40	19	14	13	13	30	13	11	24	36	38	11
L-039	C2c1a1	17	12	22	29	23	11	18	16	11	21	10	15	25	10	11	37	17	14	11	18	30	15	11	25	34	35	13
L-040	O1b1a1a1a1b	18	13	23	29	22	10	16	15	10	18	10	15	24	10	13	42	16	14	14	16	28	14	11	27	36	38	10
L-041	O1a1a2a1	17	14	20	30	21	12	15	15	12	18	10	15	24	10	14	38	17	15	13	13	30	13	11	24	36	38	12
L-042	O1b1a1a1a1b	18	13	23	29	23	10	16	15	10	18	10	15	24	10	13	41	16	14	13	16	28	14	11	25	36	38	10
L-043	O1b1a1a1a1b	18	13	24	29	22	10	17	15	10	18	11	16	25	10	13	40	17	14	14	16	28	14	11	25	37	37	10
L-045	O1b1a1a1a1b	18	13	22	29	23	10	17	15	10	18	10	16	24	10	13	40	18	14	14	16	28	14	11	25	36	37	10
L-050	O1b1a1a1a1b	18	13	23	29	21	10	17	15	10	18	10	16	25	10	13	40	17	14	14	16	28	14	11	25	37	37	10
L-051	O1b1a1a1a1b1	18	13	21	30	20	10	16	15	10	18	10	15	24	11	13	41	16	14	14	19	28	14	11	23	37	38	10
L-057	O1b1a1a1a1b	18	12	24	28	22	10	17	15	10	18	10	15	25	10	13	42	17	14	14	17	28	14	11	24	36	38	10
L-059	O1b1a1a1a1b	19	13	22	29	21	11	17	15	10	18	10	15	24	10	13	39	17	14	14	16	28	14	11	24	36	38	10
L-061	O1b1a1a1a1b	18	13	23	29	21	10	17	15	10	18	10	16	24	10	13	41	17	14	14	16	28	14	11	25	35	35	10
L-063	O1b1a1a1a1a1	19	13	22	31	20	10	16	15	11	18	11	15	24	10	13	41	16	14	13	19	26	14	13	22	37	39	10
L-064	O1b1a1a1a1b	17	13	22	29	22	10	16	15	10	18	10	15	24	10	13	41	16	14	14	16	28	14	11	25	36	38	10
L-068	O2a2b1a2a1	19	12	19	29	20	9	18	15	12	19	10	15	23	10	12	34	16	13	11	11	32	12	12	21	35	38	12
L-077	O1b1a1a1a1b	18	13	23	29	22	10	16	15	10	18	10	15	24	10	13	40	17	14	14	16	28	14	11	25	36	38	10
L-078	O1a1a1b	16	12	21	30	21	11	16	15	12	18	10	14	23	10	14	37	20	14	13	13	33	13	13	24	38	39	13
L-079	O1b1a1a1a1b	18	13	23	29	22	10	16	15	10	18	10	15	24	10	13	39	17	14	14	16	28	14	11	25	36	38	10
L-080	O2a1c1a1a1a	16	13	22	28	22	11	17	16	13	18.2	10	14	25	10	13	40	18	14	12	12	30	12	12	24	36	38	11
L-081	O1b1a1a1a1b	18	13	23	29	21	10	17	15	10	18	10	16	25	10	13	40	17	14	14	16	28	14	11	25	36	37	10
L-082	O1b1a1a1a1b	18	13	23	29	21	10	17	15	10	18	10	16	25	10	13	40	18	14	14	16	28	14	11	25	37	37	10
L-083	O1b1a1a1a1b	18	13	22	29	23	10	16	15	10	18	10	15	24	10	13	42	16	14	14	17	28	14	11	25	36	38	10
L-086	O1b1a1a1a1b	19	13	23	29	22	10	17	15	10	18	10	16	25	10	13	38	17	14	14	16	28	14	11	25	36	37	10
L-088	O1b1a1a1a1b	18	13	23	29	22	10	17	15	10	18	10	16	24	10	13	40	17	14	14	16	27	14	11	26	36	37	10
L-089	C2c1a1a1	17	14	21	29	21	10	16	15	11	20	10	16	23	10	11	38	17	15	11	19	29	14	13	24	36	37	12
L-091	O1b1a1a1a1a1	18	13	22	29	20	11	15	16	11	18	11	16	24	11	13	40	17	14	13	19	26	14	12	25	36	39	10
L-092	O1a1a1b	19	12	21	29	22	10	15	15	11	19	10	16	25	10	14	37	19	14	13	13	29	14	12	25	36	38	12
L-093	O1a1a1b	16	12	21	28	21	11	15	15	11	18	10	16	23	10	14	39	23	14	13	14	33	13	13	24	37	38	12
L-094	O1a1a1b	16	12	21	30	21	11	16	15	12	18	10	14	23	10	14	36	20	14	13	13	33	13	13	24	38	40	12
L-095	O1a1a1a1	18	11	19	28	23	10	15	15	12	17	10	17	23	10	15	38	18	14	13	13	33	13	11	25	38	39	11
L-097	O1a1a2a1	16	12	20	29	22	11	14	15	12	18	11	14	23	10	14	41	20	14	13	13	30	13	12	24	36	37	11
L-099	O1a1a2a1	17	12	20	28	21	11	16	15	12	18	10	15	23	10	14	41	20	14	13	13	30	13	11	24	36	38	11
L-100	O1a1a1b	16	12	21	30	21	11	16	15	12	18	10	14	23	10	14	37	20	14	13	13	32	13	13	24	39	39	13
L-105	O1a1a1b	16	12	21	30	21	11	16	15	12	18	10	14	23	10	14	37	20	14	13	13	32	13	13	24	39	39	13
L-108	O1a1a1b	16	12	21	30	21	11	16	15	12	18	10	14	23	10	14	37	19	14	13	13	32	13	13	24	38	39	13
L-113	O1b1a1a1a1b	18	13	23	29	23	10	17	15	10	18	10	16	25	10	13	40	17	14	14	16	28	14	11	25	37	37	10
L-115	O1b1a1a1a1b	18	13	22	29	23	10	17	15	10	18	10	15	24	10	13	41	16	14	14	16	28	14	11	25	36	38	10
L-116	O1b1a1a1a1b	19	13	23	29	22	10	17	15	10	18	10	16	25	10	13	40	17	14	14	16	28	15	11	25	36	37	10
L-117	O1b1a1a1a1b	18	13	23	29	22	10	16	15	10	18	10	15	24	10	13	38	17	14	14	16	28	14	11	25	36	38	10
L-118	O1b1a1a1a1b	18	13	23	29	22	10	16	15	10	18	10	16	24	10	13	40	17	14	14	16	28	14	11	25	37	37	10
L-121	O1b1a1a1a1b	20	13	23	29	21	10	17	15	10	18	10	16	25	10	13	40	17	14	14	16	28	14	11	25	36	37	10
L-122	O1a1a2a1	17	13	20	28	21	11	16	14	12	18	10	15	23	10	14	35	20	14	13	14	31	13	12	24	35	41	11
L-123	O1b1a1a1a1b	18	13	23	29	21	10	16	15	10	18	10	15	24	10	13	41	16	14	14	16	28	14	11	25	37	38	10
L-125	O1b1a1a1a1b	18	13	22	29	22	10	16	15	10	18	10	16	24	10	13	41	16	14	14	16	28	14	11	25	36	38	10
L-126	O1b1a1a1a1b	18	13	23	29	22	10	17	15	10	18	10	16	24	10	13	40	17	14	15	17	28	14	11	24	36	38	10
L-127	O1b1a1a1a1b	18	13	22	29	22	10	17	15	10	18	10	16	24	10	13	40	17	14	14	16	28	14	11	25	36	37	10
L-129	O1b1a1a1a1a1	19	13	22	30	19	10	16	16	11	17	11	15	24	10	13	42	16	14	13	20	26	14	12	22	37	39	10
L-134	O1b1a1a1a1b	19	13	23	28	23	10	18	15	10	18	10	16	24	10	13	40	17	14	14	16	28	14	12	25	36	37	10
L-135	O1b1a1a1a1b	20	13	23	29	22	10	17	15	10	18	10	16	25	10	13	40	17	14	14	16	28	14	11	25	36	37	10
L-137	O1a1a1b	17	12	21	30	21	11	16	15	12	18	10	14	23	10	14	37	20	14	13	13	32	13	14	24	39	39	13
L-139	O1a1a1b	16	12	21	29	21	11	16	15	12	18	10	14	23	10	14	37	20	14	13	13	32	13	13	24	39	39	13
L-142	O1b1a1a1a1b	20	13	23	28	23	10	18	15	10	18	10	16	24	10	13	40	17	14	14	16	28	14	12	25	36	37	10
L-144	O1b1a1a1a1a2	21	13	22	30	21	10	18	15	11	18	11	15	25	11	13	40	19	14	13	18	27	12	12	23	37	39	10
L-147	O1a1a2a1	16	12	20	28	25	11	15	15	12	18	10	15	23	10	14	37	18	14	13	13	32	13	14	24	36	37	11
L-018	O1b1a1a1a1b	18	13	23	29	23	10	16	15	10	18	10	15	24	10	13	41	16	14	14	16	28	14	11	25	36	38	10
L-148	O1b1a1a1a1b	18	13	23	29	23	10	16	15	10	18	10	15	24	10	13	41	16	14	14	16	28	14	11	25	36	38	10
L-153	O1a1a2a1	16	12	20	29	22	11	14	15	12	18	11	14	23	10	14	39	19	14	13	13	29	13	13	24	36	38	11
L-154	O1b1a1a1a1b	18	13	23	29	21	10	17	15	10	18	10	16	24	10	13	42	17	14	14	16	28	14	11	25	37	37	10
L-168	O1b1a1a1a1b	18	13	22	29	22	10	17	15	10	18	10	16	24	10	13	40	17	14	14	16	27	14	11	25	36	37	10
L-169	O1a1a2a1	17	12	20	28	21	11	16	15	12	18	10	15	23	10	14	41	20	14	13	13	31	13	11	24	36	38	11
L-175	O1b1a1a1a1b1	19	13	22	30	22	10	16	16	10	18	10	15	24	11	13	40	16	14	13	18	26	14	11	23	33	36	10
L-179	O1a1a2a1	16	12	20	29	22	11	14	15	12	18	11	14	23	10	14	41	20	14	13	13	30	13	12	24	36	38	11
L-182	O1a1a1b	17	12	21	30	21	11	15	15	11	18	10	15	23	10	14	39	22	14	13	14	34	13	13	24	36	38	13
L-185	O1b1a1a1a1a2	18	13	22	30	19	10	18	15	11	18	11	15	25	10	13	41	22.3	14	13	17	27	13	12	23	37	39	10
L-193	O1b1a1a1a1a2	18	13	22	30	19	10	18	15	11	18	11	15	25	10	13	41	22.3	14	13	17	27	13	12	23	37	39	10
L-186	O2a1	19	13	21	31	20	9	18	15	11	19	11	14	24	10	13	34	16	14	12	19	30	12	11	23	39	40	11
L-189	O1b1a1a1a1b	19	12	23	28	22	10	16	15	10	18	10	15	24	10	13	40	17	14	13	16	28	14	11	25	36	38	10
L-190	O1b1a1a1a1a2	19	13	21	29	20	10	16	15	11	18	10	15	25	10	13	42	19	14	13	19	27	13	13	23	36	39	10
L-191	O1a1a1b	17	12	21	29	22	10	15	15	12	18	10	16	24	10	14	37	19	14	13	13	29	14	12	25	36	38	12
L-192	O1b1a1a1a1b	18	13	23	28	22	10	17	15	10	18	10	16	25	10	13	39	17	14	14	16	28	14	11	25	37	37	10
L-194	O1b1a1a1a1b	19	13	22	29	22	10	17	15	10	18	10	16	25	10	13	40	17	14	15	16	28	14	11	25	36	37	10
L-196	O2a1c1a1a1a1a1a1b	20	12	20	28	20	10	16	15	12	19	10	14	25	10	13	39	18	14	12	19	31	12	11	26	35	37	11
L-197	O1b1a1a1a1a1	18	13	22	30	20	11	19	15	11	18	11	15	24	10	13	43	15	14	14	20	26	14	11	23	38	40	10
L-199	O1b1a1a1a1b	19	13	24	29	22	10	17	15	10	18	10	16	25	10	13	38	17	14	14	16	28	14	11	25	36	37	10
L-203	O1a1a2a1	16	12	20	29	22	11	14	15	12	18	11	14	23	10	14	39	19	14	13	13	30	13	12	24	36	38	11
L-204	O1b1a1a1a1a2	19	13	21	30	21	10	16	15	11	17	12	15	25	10	13	43	19	14	13	19	27	13	12	20	37	40	10
L-207	O1a1a1b	17	12	21	29	22	10	15	15	12	18	10	16	24	10	14	37	19	14	13	14	29	14	13	25	36	38	12
L-210	O1b1a1a1a1b	18	13	22	29	23	10	16	15	10	18	10	15	24	10	13	41	16	14	14	17	28	14	11	25	36	38	10
L-211	O2a1c1a1a1a	18	13	22	31	20	10	19	17	11	20	10	15	24	10	13	38	18	15	12	18	31	12	12	25	36	38	11
L-212	O1b1a1a1a1b1	19	13	21	29	22	11	17	15	10	18	10	15	24	11	13	40	17	14	13	19	28	14	11	23	37	38	11
L-217	O1a1a1b	16	12	21	28	21	11	15	16	11	18	10	16	23	10	14	39	22	14	13	14	33	13	13	24	37	38	12
